Velocity Conversion: Feet per Second (fps) to Millimeters per Second (mm/s)
================================================================================

       FPS |            MM/S |   Meters/Second
--------------------------------------------------------------------------------
    2050.0 |        624840.0 |          624.84
    1450.0 |        441960.0 |          441.96
    1070.0 |        326136.0 |          326.14
    2100.0 |        640080.0 |          640.08
    1531.0 |        466648.8 |          466.65
    1133.0 |        345338.4 |          345.34
    2525.0 |        769620.0 |          769.62
    1830.0 |        557784.0 |          557.78
    1291.0 |        393496.8 |          393.50
    2550.0 |        777240.0 |          777.24
    1902.0 |        579729.6 |          579.73
    1379.0 |        420319.2 |          420.32
    2375.0 |        723900.0 |          723.90
    1755.0 |        534924.0 |          534.92
    1274.0 |        388315.2 |          388.32
    3000.0 |        914400.0 |          914.40
    2504.0 |        763219.2 |          763.22
    2058.0 |        627278.4 |          627.28
    3650.0 |       1112520.0 |         1112.52
    3077.0 |        937869.6 |          937.87
    2574.0 |        784555.2 |          784.56
    2122.0 |        646785.6 |          646.79
    1721.0 |        524560.8 |          524.56
    1383.0 |        421538.4 |          421.54
    4400.0 |       1341120.0 |         1341.12
    3667.0 |       1117701.6 |         1117.70
    3046.0 |        928420.8 |          928.42
    2504.0 |        763219.2 |          763.22
    2023.0 |        616610.4 |          616.61
    1604.0 |        488899.2 |          488.90
    4225.0 |       1287780.0 |         1287.78
    3645.0 |       1110996.0 |         1111.00
    3137.0 |        956157.6 |          956.16
    2685.0 |        818388.0 |          818.39
    2275.0 |        693420.0 |          693.42
    1903.0 |        580034.4 |          580.03
    3900.0 |       1188720.0 |         1188.72
    3482.0 |       1061313.6 |         1061.31
    3104.0 |        946099.2 |          946.10
    2757.0 |        840333.6 |          840.33
    2435.0 |        742188.0 |          742.19
    2136.0 |        651052.8 |          651.05
    2200.0 |        670560.0 |          670.56
    1454.0 |        443179.2 |          443.18
    1026.0 |        312724.8 |          312.72
    3070.0 |        935736.0 |          935.74
    2247.0 |        684885.6 |          684.89
    1574.0 |        479755.2 |          479.76
    1117.0 |        340461.6 |          340.46
     918.0 |        279806.4 |          279.81
     802.0 |        244449.6 |          244.45
    2665.0 |        812292.0 |          812.29
    2241.0 |        683056.8 |          683.06
    1858.0 |        566318.4 |          566.32
    1523.0 |        464210.4 |          464.21
    1252.0 |        381609.6 |          381.61
    1071.0 |        326440.8 |          326.44
    2750.0 |        838200.0 |          838.20
    1974.0 |        601675.2 |          601.68
    1362.0 |        415137.6 |          415.14
    1019.0 |        310591.2 |          310.59
     867.0 |        264261.6 |          264.26
     763.0 |        232562.4 |          232.56
    3760.0 |       1146048.0 |         1146.05
    3148.0 |        959510.4 |          959.51
    2615.0 |        797052.0 |          797.05
    2140.0 |        652272.0 |          652.27
    1719.0 |        523951.2 |          523.95
    1369.0 |        417271.2 |          417.27
    3345.0 |       1019556.0 |         1019.56
    2930.0 |        893064.0 |          893.06
    2553.0 |        778154.4 |          778.15
    2205.0 |        672084.0 |          672.08
    1886.0 |        574852.8 |          574.85
    1599.0 |        487375.2 |          487.38
    2810.0 |        856488.0 |          856.49
    2495.0 |        760476.0 |          760.48
    2202.0 |        671169.6 |          671.17
    1929.0 |        587959.2 |          587.96
    1679.0 |        511759.2 |          511.76
    1457.0 |        444093.6 |          444.09
    4000.0 |       1219200.0 |         1219.20
    3353.0 |       1021994.4 |         1021.99
    2796.0 |        852220.8 |          852.22
    2302.0 |        701649.6 |          701.65
    1861.0 |        567232.8 |          567.23
    1483.0 |        452018.4 |          452.02
    3465.0 |       1056132.0 |         1056.13
    3106.0 |        946708.8 |          946.71
    2776.0 |        846124.8 |          846.12
    2470.0 |        752856.0 |          752.86
    2183.0 |        665378.4 |          665.38
    1916.0 |        583996.8 |          584.00
    3250.0 |        990600.0 |          990.60
    2849.0 |        868375.2 |          868.38
    2482.0 |        756513.6 |          756.51
    2144.0 |        653491.2 |          653.49
    1834.0 |        559003.2 |          559.00
    1557.0 |        474573.6 |          474.57
    3240.0 |        987552.0 |          987.55
    2690.0 |        819912.0 |          819.91
    2201.0 |        670864.8 |          670.86
    1768.0 |        538886.4 |          538.89
    3240.0 |        987552.0 |          987.55
    2802.0 |        854049.6 |          854.05
    2405.0 |        733044.0 |          733.04
    2042.0 |        622401.6 |          622.40
    1713.0 |        522122.4 |          522.12
    1429.0 |        435559.2 |          435.56
    3240.0 |        987552.0 |          987.55
    2855.0 |        870204.0 |          870.20
    2502.0 |        762609.6 |          762.61
    2175.0 |        662940.0 |          662.94
    1873.0 |        570890.4 |          570.89
    1602.0 |        488289.6 |          488.29
    3100.0 |        944880.0 |          944.88
    2751.0 |        838504.8 |          838.50
    2428.0 |        740054.4 |          740.05
    2127.0 |        648309.6 |          648.31
    1849.0 |        563575.2 |          563.58
    1597.0 |        486765.6 |          486.77
    2790.0 |        850392.0 |          850.39
    2563.0 |        781202.4 |          781.20
    2348.0 |        715670.4 |          715.67
    2143.0 |        653186.4 |          653.19
    1949.0 |        594055.2 |          594.06
    1766.0 |        538276.8 |          538.28
    2790.0 |        850392.0 |          850.39
    2448.0 |        746150.4 |          746.15
    2131.0 |        649528.8 |          649.53
    1839.0 |        560527.2 |          560.53
    2790.0 |        850392.0 |          850.39
    2562.0 |        780897.6 |          780.90
    2345.0 |        714756.0 |          714.76
    2139.0 |        651967.2 |          651.97
    1943.0 |        592226.4 |          592.23
    1759.0 |        536143.2 |          536.14
    2930.0 |        893064.0 |          893.06
    2695.0 |        821436.0 |          821.44
    2471.0 |        753160.8 |          753.16
    2259.0 |        688543.2 |          688.54
    2057.0 |        626973.6 |          626.97
    1866.0 |        568756.8 |          568.76
    3175.0 |        967740.0 |          967.74
    2781.0 |        847648.8 |          847.65
    2420.0 |        737616.0 |          737.62
    2086.0 |        635812.8 |          635.81
    1781.0 |        542848.8 |          542.85
    1511.0 |        460552.8 |          460.55
    3060.0 |        932688.0 |          932.69
    2714.0 |        827227.2 |          827.23
    2394.0 |        729691.2 |          729.69
    2095.0 |        638556.0 |          638.56
    1820.0 |        554736.0 |          554.74
    1571.0 |        478840.8 |          478.84
    2910.0 |        886968.0 |          886.97
    2676.0 |        815644.8 |          815.64
    2453.0 |        747674.4 |          747.67
    2242.0 |        683361.6 |          683.36
    2041.0 |        622096.8 |          622.10
    1851.0 |        564184.8 |          564.18
    2310.0 |        704088.0 |          704.09
    1695.0 |        516636.0 |          516.64
    1654.0 |        504139.2 |          504.14
    1387.0 |        422757.6 |          422.76
    1179.0 |        359359.2 |          359.36
    1042.0 |        317601.6 |          317.60
    3300.0 |       1005840.0 |         1005.84
    2924.0 |        891235.2 |          891.24
    2578.0 |        785774.4 |          785.77
    2258.0 |        688238.4 |          688.24
    1961.0 |        597712.8 |          597.71
    1690.0 |        515112.0 |          515.11
    3000.0 |        914400.0 |          914.40
    2761.0 |        841552.8 |          841.55
    2534.0 |        772363.2 |          772.36
    2319.0 |        706831.2 |          706.83
    2114.0 |        644347.2 |          644.35
    1920.0 |        585216.0 |          585.22
    2675.0 |        815340.0 |          815.34
    2513.0 |        765962.4 |          765.96
    2356.0 |        718108.8 |          718.11
    2205.0 |        672084.0 |          672.08
    2060.0 |        627888.0 |          627.89
    1920.0 |        585216.0 |          585.22
    4450.0 |       1356360.0 |         1356.36
    3736.0 |       1138732.8 |         1138.73
    3128.0 |        953414.4 |          953.41
    2598.0 |        791870.4 |          791.87
    2125.0 |        647700.0 |          647.70
    1706.0 |        519988.8 |          519.99
    3800.0 |       1158240.0 |         1158.24
    3339.0 |       1017727.2 |         1017.73
    2925.0 |        891540.0 |          891.54
    2548.0 |        776630.4 |          776.63
    2201.0 |        670864.8 |          670.86
    1882.0 |        573633.6 |          573.63
    4000.0 |       1219200.0 |         1219.20
    3517.0 |       1071981.6 |         1071.98
    3086.0 |        940612.8 |          940.61
    2696.0 |        821740.8 |          821.74
    2337.0 |        712317.6 |          712.32
    2006.0 |        611428.8 |          611.43
    3680.0 |       1121664.0 |         1121.66
    3253.0 |        991514.4 |          991.51
    2868.0 |        874166.4 |          874.17
    2514.0 |        766267.2 |          766.27
    2186.0 |        666292.8 |          666.29
    1884.0 |        574243.2 |          574.24
    3680.0 |       1121664.0 |         1121.66
    3253.0 |        991514.4 |          991.51
    2868.0 |        874166.4 |          874.17
    2514.0 |        766267.2 |          766.27
    2186.0 |        666292.8 |          666.29
    1884.0 |        574243.2 |          574.24
    2800.0 |        853440.0 |          853.44
    2623.0 |        799490.4 |          799.49
    2452.0 |        747369.6 |          747.37
    2288.0 |        697382.4 |          697.38
    2130.0 |        649224.0 |          649.22
    1979.0 |        603199.2 |          603.20
    2750.0 |        838200.0 |          838.20
    2580.0 |        786384.0 |          786.38
    2417.0 |        736701.6 |          736.70
    2260.0 |        688848.0 |          688.85
    2108.0 |        642518.4 |          642.52
    1963.0 |        598322.4 |          598.32
    2750.0 |        838200.0 |          838.20
    2582.0 |        786993.6 |          786.99
    2421.0 |        737920.8 |          737.92
    2265.0 |        690372.0 |          690.37
    2115.0 |        644652.0 |          644.65
    1971.0 |        600760.8 |          600.76
    3925.0 |       1196340.0 |         1196.34
    3465.0 |       1056132.0 |         1056.13
    3052.0 |        930249.6 |          930.25
    2676.0 |        815644.8 |          815.64
    2330.0 |        710184.0 |          710.18
    2010.0 |        612648.0 |          612.65
    3580.0 |       1091184.0 |         1091.18
    3254.0 |        991819.2 |          991.82
    2953.0 |        900074.4 |          900.07
    2672.0 |        814425.6 |          814.43
    2407.0 |        733653.6 |          733.65
    2158.0 |        657758.4 |          657.76
    3200.0 |        975360.0 |          975.36
    2842.0 |        866241.6 |          866.24
    2513.0 |        765962.4 |          765.96
    2206.0 |        672388.8 |          672.39
    1921.0 |        585520.8 |          585.52
    1661.0 |        506272.8 |          506.27
    2800.0 |        853440.0 |          853.44
    2574.0 |        784555.2 |          784.56
    2359.0 |        719023.2 |          719.02
    2155.0 |        656844.0 |          656.84
    1961.0 |        597712.8 |          597.71
    1778.0 |        541934.4 |          541.93
    3240.0 |        987552.0 |          987.55
    2990.0 |        911352.0 |          911.35
    2754.0 |        839419.2 |          839.42
    2530.0 |        771144.0 |          771.14
    2317.0 |        706221.6 |          706.22
    2114.0 |        644347.2 |          644.35
    3150.0 |        960120.0 |          960.12
    2911.0 |        887272.8 |          887.27
    2685.0 |        818388.0 |          818.39
    2469.0 |        752551.2 |          752.55
    2264.0 |        690067.2 |          690.07
    2069.0 |        630631.2 |          630.63
    3185.0 |        970788.0 |          970.79
    2908.0 |        886358.4 |          886.36
    2649.0 |        807415.2 |          807.42
    2404.0 |        732739.2 |          732.74
    2172.0 |        662025.6 |          662.03
    1953.0 |        595274.4 |          595.27
    2960.0 |        902208.0 |          902.21
    2729.0 |        831799.2 |          831.80
    2509.0 |        764743.2 |          764.74
    2300.0 |        701040.0 |          701.04
    2101.0 |        640384.8 |          640.38
    1912.0 |        582777.6 |          582.78
    3235.0 |        986028.0 |          986.03
    2955.0 |        900684.0 |          900.68
    2693.0 |        820826.4 |          820.83
    2445.0 |        745236.0 |          745.24
    2211.0 |        673912.8 |          673.91
    1990.0 |        606552.0 |          606.55
    3210.0 |        978408.0 |          978.41
    2962.0 |        902817.6 |          902.82
    2727.0 |        831189.6 |          831.19
    2505.0 |        763524.0 |          763.52
    2292.0 |        698601.6 |          698.60
    2091.0 |        637336.8 |          637.34
    3325.0 |       1013460.0 |         1013.46
    3081.0 |        939088.8 |          939.09
    2851.0 |        868984.8 |          868.98
    2632.0 |        802233.6 |          802.23
    2424.0 |        738835.2 |          738.84
    2225.0 |        678180.0 |          678.18
    3050.0 |        929640.0 |          929.64
    2862.0 |        872337.6 |          872.34
    2687.0 |        818997.6 |          819.00
    2514.0 |        766267.2 |          766.27
    2348.0 |        715670.4 |          715.67
    2189.0 |        667207.2 |          667.21
    2960.0 |        902208.0 |          902.21
    2782.0 |        847953.6 |          847.95
    2612.0 |        796137.6 |          796.14
    2447.0 |        745845.6 |          745.85
    2289.0 |        697687.2 |          697.69
    2136.0 |        651052.8 |          651.05
    2960.0 |        902208.0 |          902.21
    2784.0 |        848563.2 |          848.56
    2615.0 |        797052.0 |          797.05
    2453.0 |        747674.4 |          747.67
    2296.0 |        699820.8 |          699.82
    2144.0 |        653491.2 |          653.49
    2425.0 |        739140.0 |          739.14
    2181.0 |        664768.8 |          664.77
    1952.0 |        594969.6 |          594.97
    1738.0 |        529742.4 |          529.74
    1543.0 |        470306.4 |          470.31
    1370.0 |        417576.0 |          417.58
    2800.0 |        853440.0 |          853.44
    2542.0 |        774801.6 |          774.80
    2299.0 |        700735.2 |          700.74
    2069.0 |        630631.2 |          630.63
    1853.0 |        564794.4 |          564.79
    1652.0 |        503529.6 |          503.53
    2946.0 |        897940.8 |          897.94
    2707.0 |        825093.6 |          825.09
    2480.0 |        755904.0 |          755.90
    2265.0 |        690372.0 |          690.37
    2060.0 |        627888.0 |          627.89
    1866.0 |        568756.8 |          568.76
    3350.0 |       1021080.0 |         1021.08
    2980.0 |        908304.0 |          908.30
    2640.0 |        804672.0 |          804.67
    2324.0 |        708355.2 |          708.36
    2031.0 |        619048.8 |          619.05
    1761.0 |        536752.8 |          536.75
    3140.0 |        957072.0 |          957.07
    2929.0 |        892759.2 |          892.76
    2728.0 |        831494.4 |          831.49
    2536.0 |        772972.8 |          772.97
    2351.0 |        716584.8 |          716.58
    2175.0 |        662940.0 |          662.94
    2990.0 |        911352.0 |          911.35
    2749.0 |        837895.2 |          837.90
    2521.0 |        768400.8 |          768.40
    2304.0 |        702259.2 |          702.26
    2098.0 |        639470.4 |          639.47
    1902.0 |        579729.6 |          579.73
    3110.0 |        947928.0 |          947.93
    2862.0 |        872337.6 |          872.34
    2627.0 |        800709.6 |          800.71
    2405.0 |        733044.0 |          733.04
    2193.0 |        668426.4 |          668.43
    1992.0 |        607161.6 |          607.16
    3625.0 |       1104900.0 |         1104.90
    3230.0 |        984504.0 |          984.50
    2871.0 |        875080.8 |          875.08
    2539.0 |        773887.2 |          773.89
    2230.0 |        679704.0 |          679.70
    1944.0 |        592531.2 |          592.53
    3240.0 |        987552.0 |          987.55
    3024.0 |        921715.2 |          921.72
    2819.0 |        859231.2 |          859.23
    2623.0 |        799490.4 |          799.49
    2435.0 |        742188.0 |          742.19
    2255.0 |        687324.0 |          687.32
    2580.0 |        786384.0 |          786.38
    2409.0 |        734263.2 |          734.26
    2244.0 |        683971.2 |          683.97
    2086.0 |        635812.8 |          635.81
    1935.0 |        589788.0 |          589.79
    1791.0 |        545896.8 |          545.90
    2580.0 |        786384.0 |          786.38
    2410.0 |        734568.0 |          734.57
    2247.0 |        684885.6 |          684.89
    2090.0 |        637032.0 |          637.03
    1940.0 |        591312.0 |          591.31
    1796.0 |        547420.8 |          547.42
    2735.0 |        833628.0 |          833.63
    2563.0 |        781202.4 |          781.20
    2397.0 |        730605.6 |          730.61
    2237.0 |        681837.6 |          681.84
    2084.0 |        635203.2 |          635.20
    1937.0 |        590397.6 |          590.40
    2930.0 |        893064.0 |          893.06
    2737.0 |        834237.6 |          834.24
    2552.0 |        777849.6 |          777.85
    2375.0 |        723900.0 |          723.90
    2204.0 |        671779.2 |          671.78
    2041.0 |        622096.8 |          622.10
    2840.0 |        865632.0 |          865.63
    2674.0 |        815035.2 |          815.04
    2515.0 |        766572.0 |          766.57
    2361.0 |        719632.8 |          719.63
    2212.0 |        674217.6 |          674.22
    2069.0 |        630631.2 |          630.63
    3300.0 |       1005840.0 |         1005.84
    3023.0 |        921410.4 |          921.41
    2764.0 |        842467.2 |          842.47
    2520.0 |        768096.0 |          768.10
    2288.0 |        697382.4 |          697.38
    2068.0 |        630326.4 |          630.33
    2925.0 |        891540.0 |          891.54
    2708.0 |        825398.4 |          825.40
    2501.0 |        762304.8 |          762.30
    2303.0 |        701954.4 |          701.95
    2114.0 |        644347.2 |          644.35
    1934.0 |        589483.2 |          589.48
    3050.0 |        929640.0 |          929.64
    2826.0 |        861364.8 |          861.36
    2614.0 |        796747.2 |          796.75
    2411.0 |        734872.8 |          734.87
    2217.0 |        675741.6 |          675.74
    2033.0 |        619658.4 |          619.66
    2910.0 |        886968.0 |          886.97
    2719.0 |        828751.2 |          828.75
    2535.0 |        772668.0 |          772.67
    2359.0 |        719023.2 |          719.02
    2190.0 |        667512.0 |          667.51
    2028.0 |        618134.4 |          618.13
    2820.0 |        859536.0 |          859.54
    2615.0 |        797052.0 |          797.05
    2419.0 |        737311.2 |          737.31
    2232.0 |        680313.6 |          680.31
    2053.0 |        625754.4 |          625.75
    1882.0 |        573633.6 |          573.63
    2950.0 |        899160.0 |          899.16
    2756.0 |        840028.8 |          840.03
    2571.0 |        783640.8 |          783.64
    2394.0 |        729691.2 |          729.69
    2223.0 |        677570.4 |          677.57
    2059.0 |        627583.2 |          627.58
    2690.0 |        819912.0 |          819.91
    2536.0 |        772972.8 |          772.97
    2388.0 |        727862.4 |          727.86
    2245.0 |        684276.0 |          684.28
    2106.0 |        641908.8 |          641.91
    1972.0 |        601065.6 |          601.07
    2710.0 |        826008.0 |          826.01
    2564.0 |        781507.2 |          781.51
    2422.0 |        738225.6 |          738.23
    2285.0 |        696468.0 |          696.47
    2152.0 |        655929.6 |          655.93
    2023.0 |        616610.4 |          616.61
    2700.0 |        822960.0 |          822.96
    2556.0 |        779068.8 |          779.07
    2417.0 |        736701.6 |          736.70
    2282.0 |        695553.6 |          695.55
    2151.0 |        655624.8 |          655.62
    2025.0 |        617220.0 |          617.22
    2695.0 |        821436.0 |          821.44
    2567.0 |        782421.6 |          782.42
    2443.0 |        744626.4 |          744.63
    2323.0 |        708050.4 |          708.05
    2206.0 |        672388.8 |          672.39
    2092.0 |        637641.6 |          637.64
    2975.0 |        906780.0 |          906.78
    2782.0 |        847953.6 |          847.95
    2597.0 |        791565.6 |          791.57
    2420.0 |        737616.0 |          737.62
    2250.0 |        685800.0 |          685.80
    2086.0 |        635812.8 |          635.81
    2960.0 |        902208.0 |          902.21
    2808.0 |        855878.4 |          855.88
    2661.0 |        811072.8 |          811.07
    2519.0 |        767791.2 |          767.79
    2381.0 |        725728.8 |          725.73
    2248.0 |        685190.4 |          685.19
    2910.0 |        886968.0 |          886.97
    2775.0 |        845820.0 |          845.82
    2645.0 |        806196.0 |          806.20
    2518.0 |        767486.4 |          767.49
    2395.0 |        729996.0 |          730.00
    2275.0 |        693420.0 |          693.42
    2935.0 |        894588.0 |          894.59
    2734.0 |        833323.2 |          833.32
    2542.0 |        774801.6 |          774.80
    2358.0 |        718718.4 |          718.72
    2182.0 |        665073.6 |          665.07
    2013.0 |        613562.4 |          613.56
    2550.0 |        777240.0 |          777.24
    2227.0 |        678789.6 |          678.79
    1930.0 |        588264.0 |          588.26
    1659.0 |        505663.2 |          505.66
    1421.0 |        433120.8 |          433.12
    1226.0 |        373684.8 |          373.68
    2575.0 |        784860.0 |          784.86
    2343.0 |        714146.4 |          714.15
    2123.0 |        647090.4 |          647.09
    1916.0 |        583996.8 |          584.00
    1722.0 |        524865.6 |          524.87
    1544.0 |        470611.2 |          470.61
    2460.0 |        749808.0 |          749.81
    2250.0 |        685800.0 |          685.80
    2051.0 |        625144.8 |          625.14
    1863.0 |        567842.4 |          567.84
    1687.0 |        514197.6 |          514.20
    1524.0 |        464515.2 |          464.52
    3000.0 |        914400.0 |          914.40
    2648.0 |        807110.4 |          807.11
    2323.0 |        708050.4 |          708.05
    2021.0 |        616000.8 |          616.00
    1744.0 |        531571.2 |          531.57
    1497.0 |        456285.6 |          456.29
    3190.0 |        972312.0 |          972.31
    2945.0 |        897636.0 |          897.64
    2714.0 |        827227.2 |          827.23
    2494.0 |        760171.2 |          760.17
    2285.0 |        696468.0 |          696.47
    2085.0 |        635508.0 |          635.51
    3200.0 |        975360.0 |          975.36
    2984.0 |        909523.2 |          909.52
    2779.0 |        847039.2 |          847.04
    2583.0 |        787298.4 |          787.30
    2396.0 |        730300.8 |          730.30
    2216.0 |        675436.8 |          675.44
    3060.0 |        932688.0 |          932.69
    2852.0 |        869289.6 |          869.29
    2653.0 |        808634.4 |          808.63
    2463.0 |        750722.4 |          750.72
    2281.0 |        695248.8 |          695.25
    2107.0 |        642213.6 |          642.21
    2940.0 |        896112.0 |          896.11
    2747.0 |        837285.6 |          837.29
    2563.0 |        781202.4 |          781.20
    2386.0 |        727252.8 |          727.25
    2216.0 |        675436.8 |          675.44
    2053.0 |        625754.4 |          625.75
    3090.0 |        941832.0 |          941.83
    2894.0 |        882091.2 |          882.09
    2707.0 |        825093.6 |          825.09
    2528.0 |        770534.4 |          770.53
    2355.0 |        717804.0 |          717.80
    2189.0 |        667207.2 |          667.21
    2970.0 |        905256.0 |          905.26
    2796.0 |        852220.8 |          852.22
    2627.0 |        800709.6 |          800.71
    2465.0 |        751332.0 |          751.33
    2308.0 |        703478.4 |          703.48
    2157.0 |        657453.6 |          657.45
    3150.0 |        960120.0 |          960.12
    2907.0 |        886053.6 |          886.05
    2678.0 |        816254.4 |          816.25
    2460.0 |        749808.0 |          749.81
    2252.0 |        686409.6 |          686.41
    2054.0 |        626059.2 |          626.06
    3100.0 |        944880.0 |          944.88
    2918.0 |        889406.4 |          889.41
    2744.0 |        836371.2 |          836.37
    2576.0 |        785164.8 |          785.16
    2414.0 |        735787.2 |          735.79
    2258.0 |        688238.4 |          688.24
    2680.0 |        816864.0 |          816.86
    2456.0 |        748588.8 |          748.59
    2242.0 |        683361.6 |          683.36
    2040.0 |        621792.0 |          621.79
    1848.0 |        563270.4 |          563.27
    1670.0 |        509016.0 |          509.02
    2675.0 |        815340.0 |          815.34
    2435.0 |        742188.0 |          742.19
    2207.0 |        672693.6 |          672.69
    1992.0 |        607161.6 |          607.16
    1790.0 |        545592.0 |          545.59
    1604.0 |        488899.2 |          488.90
    2910.0 |        886968.0 |          886.97
    2694.0 |        821131.2 |          821.13
    2488.0 |        758342.4 |          758.34
    2291.0 |        698296.8 |          698.30
    2103.0 |        640994.4 |          640.99
    1925.0 |        586740.0 |          586.74
    2840.0 |        865632.0 |          865.63
    2608.0 |        794918.4 |          794.92
    2387.0 |        727557.6 |          727.56
    2177.0 |        663549.6 |          663.55
    1978.0 |        602894.4 |          602.89
    1790.0 |        545592.0 |          545.59
    2950.0 |        899160.0 |          899.16
    2757.0 |        840333.6 |          840.33
    2572.0 |        783945.6 |          783.95
    2395.0 |        729996.0 |          730.00
    2224.0 |        677875.2 |          677.88
    2061.0 |        628192.8 |          628.19
    2770.0 |        844296.0 |          844.30
    2613.0 |        796442.4 |          796.44
    2461.0 |        750112.8 |          750.11
    2315.0 |        705612.0 |          705.61
    2173.0 |        662330.4 |          662.33
    2037.0 |        620877.6 |          620.88
    2925.0 |        891540.0 |          891.54
    2763.0 |        842162.4 |          842.16
    2607.0 |        794613.6 |          794.61
    2455.0 |        748284.0 |          748.28
    2309.0 |        703783.2 |          703.78
    2167.0 |        660501.6 |          660.50
    2850.0 |        868680.0 |          868.68
    2704.0 |        824179.2 |          824.18
    2562.0 |        780897.6 |          780.90
    2424.0 |        738835.2 |          738.84
    2291.0 |        698296.8 |          698.30
    2162.0 |        658977.6 |          658.98
    3150.0 |        960120.0 |          960.12
    2933.0 |        893978.4 |          893.98
    2728.0 |        831494.4 |          831.49
    2531.0 |        771448.8 |          771.45
    2343.0 |        714146.4 |          714.15
    2162.0 |        658977.6 |          658.98
    3240.0 |        987552.0 |          987.55
    3033.0 |        924458.4 |          924.46
    2837.0 |        864717.6 |          864.72
    2649.0 |        807415.2 |          807.42
    2469.0 |        752551.2 |          752.55
    2295.0 |        699516.0 |          699.52
    3000.0 |        914400.0 |          914.40
    2792.0 |        851001.6 |          851.00
    2593.0 |        790346.4 |          790.35
    2403.0 |        732434.4 |          732.43
    2221.0 |        676960.8 |          676.96
    2047.0 |        623925.6 |          623.93
    3035.0 |        925068.0 |          925.07
    2815.0 |        858012.0 |          858.01
    2605.0 |        794004.0 |          794.00
    2405.0 |        733044.0 |          733.04
    2214.0 |        674827.2 |          674.83
    2031.0 |        619048.8 |          619.05
    3100.0 |        944880.0 |          944.88
    2915.0 |        888492.0 |          888.49
    2737.0 |        834237.6 |          834.24
    2567.0 |        782421.6 |          782.42
    2403.0 |        732434.4 |          732.43
    2244.0 |        683971.2 |          683.97
    2975.0 |        906780.0 |          906.78
    2827.0 |        861669.6 |          861.67
    2682.0 |        817473.6 |          817.47
    2542.0 |        774801.6 |          774.80
    2406.0 |        733348.8 |          733.35
    2274.0 |        693115.2 |          693.12
    3030.0 |        923544.0 |          923.54
    2856.0 |        870508.8 |          870.51
    2689.0 |        819607.2 |          819.61
    2527.0 |        770229.6 |          770.23
    2372.0 |        722985.6 |          722.99
    2222.0 |        677265.6 |          677.27
    3050.0 |        929640.0 |          929.64
    2839.0 |        865327.2 |          865.33
    2639.0 |        804367.2 |          804.37
    2447.0 |        745845.6 |          745.85
    2263.0 |        689762.4 |          689.76
    2087.0 |        636117.6 |          636.12
    3000.0 |        914400.0 |          914.40
    2849.0 |        868375.2 |          868.38
    2702.0 |        823569.6 |          823.57
    2560.0 |        780288.0 |          780.29
    2423.0 |        738530.4 |          738.53
    2290.0 |        697992.0 |          697.99
    2700.0 |        822960.0 |          822.96
    2425.0 |        739140.0 |          739.14
    2167.0 |        660501.6 |          660.50
    1926.0 |        587044.8 |          587.04
    1702.0 |        518769.6 |          518.77
    1500.0 |        457200.0 |          457.20
    3175.0 |        967740.0 |          967.74
    3017.0 |        919581.6 |          919.58
    2866.0 |        873556.8 |          873.56
    2719.0 |        828751.2 |          828.75
    2578.0 |        785774.4 |          785.77
    2440.0 |        743712.0 |          743.71
    3050.0 |        929640.0 |          929.64
    2897.0 |        883005.6 |          883.01
    2749.0 |        837895.2 |          837.90
    2606.0 |        794308.8 |          794.31
    2468.0 |        752246.4 |          752.25
    2333.0 |        711098.4 |          711.10
    2000.0 |        609600.0 |          609.60
    1601.0 |        487984.8 |          487.98
    1279.0 |        389839.2 |          389.84
    1067.0 |        325221.6 |          325.22
    2285.0 |        696468.0 |          696.47
    2029.0 |        618439.2 |          618.44
    1791.0 |        545896.8 |          545.90
    1575.0 |        480060.0 |          480.06
    1383.0 |        421538.4 |          421.54
    1224.0 |        373075.2 |          373.08
    2375.0 |        723900.0 |          723.90
    2094.0 |        638251.2 |          638.25
    1834.0 |        559003.2 |          559.00
    1597.0 |        486765.6 |          486.77
    2175.0 |        662940.0 |          662.94
    1932.0 |        588873.6 |          588.87
    1708.0 |        520598.4 |          520.60
    1505.0 |        458724.0 |          458.72
    2085.0 |        635508.0 |          635.51
    1811.0 |        551992.8 |          551.99
    1564.0 |        476707.2 |          476.71
    1350.0 |        411480.0 |          411.48
    1050.0 |        320040.0 |          320.04
     998.0 |        304190.4 |          304.19
     955.0 |        291084.0 |          291.08
     918.0 |        279806.4 |          279.81
    1020.0 |        310896.0 |          310.90
     987.0 |        300837.6 |          300.84
     959.0 |        292303.2 |          292.30
    2465.0 |        751332.0 |          751.33
    2183.0 |        665378.4 |          665.38
    1920.0 |        585216.0 |          585.22
    1679.0 |        511759.2 |          511.76
    2390.0 |        728472.0 |          728.47
    1959.0 |        597103.2 |          597.10
    1581.0 |        481888.8 |          481.89
    1276.0 |        388924.8 |          388.92
    2400.0 |        731520.0 |          731.52
    2151.0 |        655624.8 |          655.62
    1917.0 |        584301.6 |          584.30
    1700.0 |        518160.0 |          518.16
    1050.0 |        320040.0 |          320.04
     977.0 |        297789.6 |          297.79
     921.0 |        280720.8 |          280.72
     874.0 |        266395.2 |          266.40
    2740.0 |        835152.0 |          835.15
    2499.0 |        761695.2 |          761.70
    2272.0 |        692505.6 |          692.51
    2056.0 |        626668.8 |          626.67
    1852.0 |        564489.6 |          564.49
    1663.0 |        506882.4 |          506.88
    2650.0 |        807720.0 |          807.72
    2386.0 |        727252.8 |          727.25
    2137.0 |        651357.6 |          651.36
    1904.0 |        580339.2 |          580.34
    1688.0 |        514502.4 |          514.50
    1492.0 |        454761.6 |          454.76
    2660.0 |        810768.0 |          810.77
    2438.0 |        743102.4 |          743.10
    2227.0 |        678789.6 |          678.79
    2027.0 |        617829.6 |          617.83
    1838.0 |        560222.4 |          560.22
    1661.0 |        506272.8 |          506.27
    2675.0 |        815340.0 |          815.34
    2389.0 |        728167.2 |          728.17
    2121.0 |        646480.8 |          646.48
    1871.0 |        570280.8 |          570.28
    1642.0 |        500481.6 |          500.48
    1437.0 |        437997.6 |          438.00
    2820.0 |        859536.0 |          859.54
    2561.0 |        780592.8 |          780.59
    2316.0 |        705916.8 |          705.92
    2085.0 |        635508.0 |          635.51
    1868.0 |        569366.4 |          569.37
    1667.0 |        508101.6 |          508.10
    3000.0 |        914400.0 |          914.40
    2772.0 |        844905.6 |          844.91
    2556.0 |        779068.8 |          779.07
    2350.0 |        716280.0 |          716.28
    2153.0 |        656234.4 |          656.23
    1966.0 |        599236.8 |          599.24
    2820.0 |        859536.0 |          859.54
    2601.0 |        792784.8 |          792.78
    2393.0 |        729386.4 |          729.39
    2194.0 |        668731.2 |          668.73
    2005.0 |        611124.0 |          611.12
    1826.0 |        556564.8 |          556.56
    2850.0 |        868680.0 |          868.68
    2639.0 |        804367.2 |          804.37
    2438.0 |        743102.4 |          743.10
    2245.0 |        684276.0 |          684.28
    2062.0 |        628497.6 |          628.50
    1887.0 |        575157.6 |          575.16
    2700.0 |        822960.0 |          822.96
    2482.0 |        756513.6 |          756.51
    2274.0 |        693115.2 |          693.12
    2076.0 |        632764.8 |          632.76
    1888.0 |        575462.4 |          575.46
    1712.0 |        521817.6 |          521.82
    2785.0 |        848868.0 |          848.87
    2499.0 |        761695.2 |          761.70
    2231.0 |        680008.8 |          680.01
    1980.0 |        603504.0 |          603.50
    2610.0 |        795528.0 |          795.53
    2412.0 |        735177.6 |          735.18
    2224.0 |        677875.2 |          677.88
    2044.0 |        623011.2 |          623.01
    1872.0 |        570585.6 |          570.59
    1711.0 |        521512.8 |          521.51
    2750.0 |        838200.0 |          838.20
    2546.0 |        776020.8 |          776.02
    2352.0 |        716889.6 |          716.89
    2166.0 |        660196.8 |          660.20
    1988.0 |        605942.4 |          605.94
    1820.0 |        554736.0 |          554.74
    2700.0 |        822960.0 |          822.96
    2496.0 |        760780.8 |          760.78
    2302.0 |        701649.6 |          701.65
    2116.0 |        644956.8 |          644.96
    1939.0 |        591007.2 |          591.01
    1772.0 |        540105.6 |          540.11
    2840.0 |        865632.0 |          865.63
    2636.0 |        803452.8 |          803.45
    2440.0 |        743712.0 |          743.71
    2253.0 |        686714.4 |          686.71
    2074.0 |        632155.2 |          632.16
    1904.0 |        580339.2 |          580.34
    2700.0 |        822960.0 |          822.96
    2513.0 |        765962.4 |          765.96
    2333.0 |        711098.4 |          711.10
    2161.0 |        658672.8 |          658.67
    1996.0 |        608380.8 |          608.38
    1839.0 |        560527.2 |          560.53
    2700.0 |        822960.0 |          822.96
    2503.0 |        762914.4 |          762.91
    2315.0 |        705612.0 |          705.61
    2134.0 |        650443.2 |          650.44
    1962.0 |        598017.6 |          598.02
    1799.0 |        548335.2 |          548.34
    2700.0 |        822960.0 |          822.96
    2530.0 |        771144.0 |          771.14
    2366.0 |        721156.8 |          721.16
    2209.0 |        673303.2 |          673.30
    2057.0 |        626973.6 |          626.97
    1912.0 |        582777.6 |          582.78
    2840.0 |        865632.0 |          865.63
    2665.0 |        812292.0 |          812.29
    2496.0 |        760780.8 |          760.78
    2334.0 |        711403.2 |          711.40
    2177.0 |        663549.6 |          663.55
    2027.0 |        617829.6 |          617.83
    2600.0 |        792480.0 |          792.48
    2436.0 |        742492.8 |          742.49
    2278.0 |        694334.4 |          694.33
    2125.0 |        647700.0 |          647.70
    1979.0 |        603199.2 |          603.20
    1839.0 |        560527.2 |          560.53
    2600.0 |        792480.0 |          792.48
    2443.0 |        744626.4 |          744.63
    2291.0 |        698296.8 |          698.30
    2145.0 |        653796.0 |          653.80
    2004.0 |        610819.2 |          610.82
    1868.0 |        569366.4 |          569.37
    2430.0 |        740664.0 |          740.66
    2234.0 |        680923.2 |          680.92
    2047.0 |        623925.6 |          623.93
    1869.0 |        569671.2 |          569.67
    1703.0 |        519074.4 |          519.07
    1548.0 |        471830.4 |          471.83
    3000.0 |        914400.0 |          914.40
    2772.0 |        844905.6 |          844.91
    2556.0 |        779068.8 |          779.07
    2350.0 |        716280.0 |          716.28
    2153.0 |        656234.4 |          656.23
    1966.0 |        599236.8 |          599.24
    2700.0 |        822960.0 |          822.96
    2412.0 |        735177.6 |          735.18
    2143.0 |        653186.4 |          653.19
    1891.0 |        576376.8 |          576.38
    1660.0 |        505968.0 |          505.97
    1454.0 |        443179.2 |          443.18
    2910.0 |        886968.0 |          886.97
    2637.0 |        803757.6 |          803.76
    2381.0 |        725728.8 |          725.73
    2139.0 |        651967.2 |          651.97
    1911.0 |        582472.8 |          582.47
    1700.0 |        518160.0 |          518.16
    3080.0 |        938784.0 |          938.78
    2848.0 |        868070.4 |          868.07
    2628.0 |        801014.4 |          801.01
    2418.0 |        737006.4 |          737.01
    2218.0 |        676046.4 |          676.05
    2028.0 |        618134.4 |          618.13
    2940.0 |        896112.0 |          896.11
    2728.0 |        831494.4 |          831.49
    2525.0 |        769620.0 |          769.62
    2332.0 |        710793.6 |          710.79
    2147.0 |        654405.6 |          654.41
    1970.0 |        600456.0 |          600.46
    2960.0 |        902208.0 |          902.21
    2750.0 |        838200.0 |          838.20
    2550.0 |        777240.0 |          777.24
    2358.0 |        718718.4 |          718.72
    2175.0 |        662940.0 |          662.94
    2000.0 |        609600.0 |          609.60
    2710.0 |        826008.0 |          826.01
    2540.0 |        774192.0 |          774.19
    2376.0 |        724204.8 |          724.20
    2218.0 |        676046.4 |          676.05
    2066.0 |        629716.8 |          629.72
    1920.0 |        585216.0 |          585.22
    2750.0 |        838200.0 |          838.20
    2588.0 |        788822.4 |          788.82
    2431.0 |        740968.8 |          740.97
    2280.0 |        694944.0 |          694.94
    2134.0 |        650443.2 |          650.44
    1993.0 |        607466.4 |          607.47
    2600.0 |        792480.0 |          792.48
    2415.0 |        736092.0 |          736.09
    2238.0 |        682142.4 |          682.14
    2068.0 |        630326.4 |          630.33
    1905.0 |        580644.0 |          580.64
    1752.0 |        534009.6 |          534.01
    2700.0 |        822960.0 |          822.96
    2492.0 |        759561.6 |          759.56
    2293.0 |        698906.4 |          698.91
    2103.0 |        640994.4 |          640.99
    1923.0 |        586130.4 |          586.13
    1753.0 |        534314.4 |          534.31
    2820.0 |        859536.0 |          859.54
    2630.0 |        801624.0 |          801.62
    2448.0 |        746150.4 |          746.15
    2274.0 |        693115.2 |          693.12
    2106.0 |        641908.8 |          641.91
    1946.0 |        593140.8 |          593.14
    2870.0 |        874776.0 |          874.78
    2678.0 |        816254.4 |          816.25
    2494.0 |        760171.2 |          760.17
    2318.0 |        706526.4 |          706.53
    2148.0 |        654710.4 |          654.71
    1986.0 |        605332.8 |          605.33
    2950.0 |        899160.0 |          899.16
    2780.0 |        847344.0 |          847.34
    2616.0 |        797356.8 |          797.36
    2458.0 |        749198.4 |          749.20
    2305.0 |        702564.0 |          702.56
    2158.0 |        657758.4 |          657.76
    3000.0 |        914400.0 |          914.40
    2834.0 |        863803.2 |          863.80
    2675.0 |        815340.0 |          815.34
    2521.0 |        768400.8 |          768.40
    2372.0 |        722985.6 |          722.99
    2229.0 |        679399.2 |          679.40
    2860.0 |        871728.0 |          871.73
    2723.0 |        829970.4 |          829.97
    2589.0 |        789127.2 |          789.13
    2460.0 |        749808.0 |          749.81
    2334.0 |        711403.2 |          711.40
    2212.0 |        674217.6 |          674.22
    2810.0 |        856488.0 |          856.49
    2692.0 |        820521.6 |          820.52
    2577.0 |        785469.6 |          785.47
    2465.0 |        751332.0 |          751.33
    2356.0 |        718108.8 |          718.11
    2250.0 |        685800.0 |          685.80
    3200.0 |        975360.0 |          975.36
    2988.0 |        910742.4 |          910.74
    2787.0 |        849477.6 |          849.48
    2594.0 |        790651.2 |          790.65
    2410.0 |        734568.0 |          734.57
    2233.0 |        680618.4 |          680.62
    2900.0 |        883920.0 |          883.92
    2702.0 |        823569.6 |          823.57
    2513.0 |        765962.4 |          765.96
    2332.0 |        710793.6 |          710.79
    2158.0 |        657758.4 |          657.76
    1992.0 |        607161.6 |          607.16
    2820.0 |        859536.0 |          859.54
    2667.0 |        812901.6 |          812.90
    2519.0 |        767791.2 |          767.79
    2375.0 |        723900.0 |          723.90
    2237.0 |        681837.6 |          681.84
    2103.0 |        640994.4 |          640.99
    3275.0 |        998220.0 |          998.22
    2988.0 |        910742.4 |          910.74
    2719.0 |        828751.2 |          828.75
    2466.0 |        751636.8 |          751.64
    2227.0 |        678789.6 |          678.79
    2001.0 |        609904.8 |          609.90
    3260.0 |        993648.0 |          993.65
    3031.0 |        923848.8 |          923.85
    2815.0 |        858012.0 |          858.01
    2609.0 |        795223.2 |          795.22
    2412.0 |        735177.6 |          735.18
    2223.0 |        677570.4 |          677.57
    2960.0 |        902208.0 |          902.21
    2789.0 |        850087.2 |          850.09
    2625.0 |        800100.0 |          800.10
    2467.0 |        751941.6 |          751.94
    2314.0 |        705307.2 |          705.31
    2166.0 |        660196.8 |          660.20
    2960.0 |        902208.0 |          902.21
    2788.0 |        849782.4 |          849.78
    2622.0 |        799185.6 |          799.19
    2462.0 |        750417.6 |          750.42
    2308.0 |        703478.4 |          703.48
    2159.0 |        658063.2 |          658.06
    2960.0 |        902208.0 |          902.21
    2760.0 |        841248.0 |          841.25
    2568.0 |        782726.4 |          782.73
    2385.0 |        726948.0 |          726.95
    2209.0 |        673303.2 |          673.30
    2040.0 |        621792.0 |          621.79
    2960.0 |        902208.0 |          902.21
    2739.0 |        834847.2 |          834.85
    2530.0 |        771144.0 |          771.14
    2329.0 |        709879.2 |          709.88
    2138.0 |        651662.4 |          651.66
    1956.0 |        596188.8 |          596.19
    3130.0 |        954024.0 |          954.02
    2926.0 |        891844.8 |          891.84
    2732.0 |        832713.6 |          832.71
    2546.0 |        776020.8 |          776.02
    2368.0 |        721766.4 |          721.77
    2196.0 |        669340.8 |          669.34
    2930.0 |        893064.0 |          893.06
    2769.0 |        843991.2 |          843.99
    2615.0 |        797052.0 |          797.05
    2465.0 |        751332.0 |          751.33
    2321.0 |        707440.8 |          707.44
    2181.0 |        664768.8 |          664.77
    2860.0 |        871728.0 |          871.73
    2707.0 |        825093.6 |          825.09
    2558.0 |        779678.4 |          779.68
    2414.0 |        735787.2 |          735.79
    2274.0 |        693115.2 |          693.12
    2140.0 |        652272.0 |          652.27
    3100.0 |        944880.0 |          944.88
    2893.0 |        881786.4 |          881.79
    2696.0 |        821740.8 |          821.74
    2507.0 |        764133.6 |          764.13
    2326.0 |        708964.8 |          708.96
    2152.0 |        655929.6 |          655.93
    2960.0 |        902208.0 |          902.21
    2804.0 |        854659.2 |          854.66
    2652.0 |        808329.6 |          808.33
    2505.0 |        763524.0 |          763.52
    2363.0 |        720242.4 |          720.24
    2225.0 |        678180.0 |          678.18
    3000.0 |        914400.0 |          914.40
    2834.0 |        863803.2 |          863.80
    2675.0 |        815340.0 |          815.34
    2521.0 |        768400.8 |          768.40
    2372.0 |        722985.6 |          722.99
    2229.0 |        679399.2 |          679.40
    2860.0 |        871728.0 |          871.73
    2723.0 |        829970.4 |          829.97
    2589.0 |        789127.2 |          789.13
    2460.0 |        749808.0 |          749.81
    2334.0 |        711403.2 |          711.40
    2212.0 |        674217.6 |          674.22
    2810.0 |        856488.0 |          856.49
    2692.0 |        820521.6 |          820.52
    2577.0 |        785469.6 |          785.47
    2465.0 |        751332.0 |          751.33
    2356.0 |        718108.8 |          718.11
    2250.0 |        685800.0 |          685.80
    3200.0 |        975360.0 |          975.36
    2988.0 |        910742.4 |          910.74
    2787.0 |        849477.6 |          849.48
    2594.0 |        790651.2 |          790.65
    2410.0 |        734568.0 |          734.57
    2233.0 |        680618.4 |          680.62
    2910.0 |        886968.0 |          886.97
    2766.0 |        843076.8 |          843.08
    2627.0 |        800709.6 |          800.71
    2492.0 |        759561.6 |          759.56
    2361.0 |        719632.8 |          719.63
    2234.0 |        680923.2 |          680.92
    3025.0 |        922020.0 |          922.02
    2877.0 |        876909.6 |          876.91
    2735.0 |        833628.0 |          833.63
    2597.0 |        791565.6 |          791.57
    2463.0 |        750722.4 |          750.72
    2332.0 |        710793.6 |          710.79
    2350.0 |        716280.0 |          716.28
    2053.0 |        625754.4 |          625.75
    1780.0 |        542544.0 |          542.54
    1535.0 |        467868.0 |          467.87
    1324.0 |        403555.2 |          403.56
    1159.0 |        353263.2 |          353.26
    2350.0 |        716280.0 |          716.28
    2040.0 |        621792.0 |          621.79
    1756.0 |        535228.8 |          535.23
    1503.0 |        458114.4 |          458.11
    1290.0 |        393192.0 |          393.19
    1129.0 |        344119.2 |          344.12
    2685.0 |        818388.0 |          818.39
    2441.0 |        744016.8 |          744.02
    2211.0 |        673912.8 |          673.91
    1993.0 |        607466.4 |          607.47
    1789.0 |        545287.2 |          545.29
    1601.0 |        487984.8 |          487.98
    2410.0 |        734568.0 |          734.57
    2144.0 |        653491.2 |          653.49
    1897.0 |        578205.6 |          578.21
    1669.0 |        508711.2 |          508.71
    2500.0 |        762000.0 |          762.00
    2338.0 |        712622.4 |          712.62
    2182.0 |        665073.6 |          665.07
    2032.0 |        619353.6 |          619.35
    1888.0 |        575462.4 |          575.46
    1751.0 |        533704.8 |          533.70
    2565.0 |        781812.0 |          781.81
    2365.0 |        720852.0 |          720.85
    2174.0 |        662635.2 |          662.64
    1992.0 |        607161.6 |          607.16
    1820.0 |        554736.0 |          554.74
    1659.0 |        505663.2 |          505.66
    2750.0 |        838200.0 |          838.20
    2575.0 |        784860.0 |          784.86
    2408.0 |        733958.4 |          733.96
    2246.0 |        684580.8 |          684.58
    2091.0 |        637336.8 |          637.34
    1942.0 |        591921.6 |          591.92
    3030.0 |        923544.0 |          923.54
    2820.0 |        859536.0 |          859.54
    2620.0 |        798576.0 |          798.58
    2429.0 |        740359.2 |          740.36
    2246.0 |        684580.8 |          684.58
    2071.0 |        631240.8 |          631.24
    2800.0 |        853440.0 |          853.44
    2615.0 |        797052.0 |          797.05
    2437.0 |        742797.6 |          742.80
    2266.0 |        690676.8 |          690.68
    2102.0 |        640689.6 |          640.69
    1945.0 |        592836.0 |          592.84
    2840.0 |        865632.0 |          865.63
    2662.0 |        811377.6 |          811.38
    2491.0 |        759256.8 |          759.26
    2326.0 |        708964.8 |          708.96
    2168.0 |        660806.4 |          660.81
    2016.0 |        614476.8 |          614.48
    2810.0 |        856488.0 |          856.49
    2662.0 |        811377.6 |          811.38
    2519.0 |        767791.2 |          767.79
    2831.0 |        862888.8 |          862.89
    2246.0 |        684580.8 |          684.58
    2116.0 |        644956.8 |          644.96
    2860.0 |        871728.0 |          871.73
    2722.0 |        829665.6 |          829.67
    2587.0 |        788517.6 |          788.52
    2457.0 |        748893.6 |          748.89
    2331.0 |        710488.8 |          710.49
    2208.0 |        672998.4 |          673.00
    2800.0 |        853440.0 |          853.44
    2680.0 |        816864.0 |          816.86
    2562.0 |        780897.6 |          780.90
    2447.0 |        745845.6 |          745.85
    2336.0 |        712012.8 |          712.01
    2227.0 |        678789.6 |          678.79
    2745.0 |        836676.0 |          836.68
    2636.0 |        803452.8 |          803.45
    2530.0 |        771144.0 |          771.14
    2426.0 |        739444.8 |          739.44
    2324.0 |        708355.2 |          708.36
    2225.0 |        678180.0 |          678.18
    2560.0 |        780288.0 |          780.29
    2294.0 |        699211.2 |          699.21
    2044.0 |        623011.2 |          623.01
    1811.0 |        551992.8 |          551.99
    1597.0 |        486765.6 |          486.77
    1407.0 |        428853.6 |          428.85
    2200.0 |        670560.0 |          670.56
    1890.0 |        576072.0 |          576.07
    1612.0 |        491337.6 |          491.34
    1371.0 |        417880.8 |          417.88
    2200.0 |        670560.0 |          670.56
    1843.0 |        561746.4 |          561.75
    1529.0 |        466039.2 |          466.04
    1271.0 |        387400.8 |          387.40
    1050.0 |        320040.0 |          320.04
     969.0 |        295351.2 |          295.35
     908.0 |        276758.4 |          276.76
     857.0 |        261213.6 |          261.21
     813.0 |        247802.4 |          247.80
     774.0 |        235915.2 |          235.92
    2225.0 |        678180.0 |          678.18
    1963.0 |        598322.4 |          598.32
    1722.0 |        524865.6 |          524.87
    1505.0 |        458724.0 |          458.72
    2475.0 |        754380.0 |          754.38
    2180.0 |        664464.0 |          664.46
    1906.0 |        580948.8 |          580.95
    1655.0 |        504444.0 |          504.44
    1434.0 |        437083.2 |          437.08
    1248.0 |        380390.4 |          380.39
    2910.0 |        886968.0 |          886.97
    2585.0 |        787908.0 |          787.91
    2283.0 |        695858.4 |          695.86
    2001.0 |        609904.8 |          609.90
    1742.0 |        530961.6 |          530.96
    1509.0 |        459943.2 |          459.94
    2360.0 |        719328.0 |          719.33
    2155.0 |        656844.0 |          656.84
    1961.0 |        597712.8 |          597.71
    1778.0 |        541934.4 |          541.93
    1608.0 |        490118.4 |          490.12
    1453.0 |        442874.4 |          442.87
    2360.0 |        719328.0 |          719.33
    2155.0 |        656844.0 |          656.84
    1961.0 |        597712.8 |          597.71
    1778.0 |        541934.4 |          541.93
    1608.0 |        490118.4 |          490.12
    1453.0 |        442874.4 |          442.87
    2600.0 |        792480.0 |          792.48
    2332.0 |        710793.6 |          710.79
    2079.0 |        633679.2 |          633.68
    1844.0 |        562051.2 |          562.05
    1627.0 |        495909.6 |          495.91
    1434.0 |        437083.2 |          437.08
    2600.0 |        792480.0 |          792.48
    2372.0 |        722985.6 |          722.99
    2156.0 |        657148.8 |          657.15
    1951.0 |        594664.8 |          594.66
    1759.0 |        536143.2 |          536.14
    1582.0 |        482193.6 |          482.19
    2700.0 |        822960.0 |          822.96
    2481.0 |        756208.8 |          756.21
    2272.0 |        692505.6 |          692.51
    2073.0 |        631850.4 |          631.85
    1885.0 |        574548.0 |          574.55
    1708.0 |        520598.4 |          520.60
    2800.0 |        853440.0 |          853.44
    2562.0 |        780897.6 |          780.90
    2336.0 |        712012.8 |          712.01
    2122.0 |        646785.6 |          646.79
    1919.0 |        584911.2 |          584.91
    1729.0 |        526999.2 |          527.00
    2530.0 |        771144.0 |          771.14
    2223.0 |        677570.4 |          677.57
    1938.0 |        590702.4 |          590.70
    1678.0 |        511454.4 |          511.45
    1448.0 |        441350.4 |          441.35
    1256.0 |        382828.8 |          382.83
    2530.0 |        771144.0 |          771.14
    2223.0 |        677570.4 |          677.57
    1938.0 |        590702.4 |          590.70
    1678.0 |        511454.4 |          511.45
    1448.0 |        441350.4 |          441.35
    1256.0 |        382828.8 |          382.83
    2800.0 |        853440.0 |          853.44
    2576.0 |        785164.8 |          785.16
    2362.0 |        719937.6 |          719.94
    2159.0 |        658063.2 |          658.06
    1966.0 |        599236.8 |          599.24
    1784.0 |        543763.2 |          543.76
    2840.0 |        865632.0 |          865.63
    2600.0 |        792480.0 |          792.48
    2372.0 |        722985.6 |          722.99
    2156.0 |        657148.8 |          657.15
    1951.0 |        594664.8 |          594.66
    1759.0 |        536143.2 |          536.14
    2660.0 |        810768.0 |          810.77
    2344.0 |        714451.2 |          714.45
    2050.0 |        624840.0 |          624.84
    1780.0 |        542544.0 |          542.54
    1536.0 |        468172.8 |          468.17
    1328.0 |        404774.4 |          404.77
    2660.0 |        810768.0 |          810.77
    2344.0 |        714451.2 |          714.45
    2050.0 |        624840.0 |          624.84
    1780.0 |        542544.0 |          542.54
    1536.0 |        468172.8 |          468.17
    1328.0 |        404774.4 |          404.77
    2050.0 |        624840.0 |          624.84
    1820.0 |        554736.0 |          554.74
    1609.0 |        490423.2 |          490.42
    1420.0 |        432816.0 |          432.82
    2050.0 |        624840.0 |          624.84
    1820.0 |        554736.0 |          554.74
    1609.0 |        490423.2 |          490.42
    1420.0 |        432816.0 |          432.82
    2200.0 |        670560.0 |          670.56
    1890.0 |        576072.0 |          576.07
    1612.0 |        491337.6 |          491.34
    1371.0 |        417880.8 |          417.88
    2400.0 |        731520.0 |          731.52
    2142.0 |        652881.6 |          652.88
    1901.0 |        579424.8 |          579.42
    1678.0 |        511454.4 |          511.45
    2400.0 |        731520.0 |          731.52
    2142.0 |        652881.6 |          652.88
    1901.0 |        579424.8 |          579.42
    1678.0 |        511454.4 |          511.45
    2400.0 |        731520.0 |          731.52
    2142.0 |        652881.6 |          652.88
    1901.0 |        579424.8 |          579.42
    1678.0 |        511454.4 |          511.45
    2400.0 |        731520.0 |          731.52
    2142.0 |        652881.6 |          652.88
    1901.0 |        579424.8 |          579.42
    1678.0 |        511454.4 |          511.45
    2415.0 |        736092.0 |          736.09
    2156.0 |        657148.8 |          657.15
    1915.0 |        583692.0 |          583.69
    1691.0 |        515416.8 |          515.42
    2415.0 |        736092.0 |          736.09
    2156.0 |        657148.8 |          657.15
    1915.0 |        583692.0 |          583.69
    1691.0 |        515416.8 |          515.42
    2300.0 |        701040.0 |          701.04
    2053.0 |        625754.4 |          625.75
    1823.0 |        555650.4 |          555.65
    1611.0 |        491032.8 |          491.03
    2300.0 |        701040.0 |          701.04
    2053.0 |        625754.4 |          625.75
    1823.0 |        555650.4 |          555.65
    1611.0 |        491032.8 |          491.03
    2325.0 |        708660.0 |          708.66
    1971.0 |        600760.8 |          600.76
    1654.0 |        504139.2 |          504.14
    1381.0 |        420928.8 |          420.93
    2400.0 |        731520.0 |          731.52
    1974.0 |        601675.2 |          601.68
    1601.0 |        487984.8 |          487.98
    1295.0 |        394716.0 |          394.72
    2200.0 |        670560.0 |          670.56
    1742.0 |        530961.6 |          530.96
    1364.0 |        415747.2 |          415.75
    1103.0 |        336194.4 |          336.19
    2200.0 |        670560.0 |          670.56
    1835.0 |        559308.0 |          559.31
    1515.0 |        461772.0 |          461.77
    1255.0 |        382524.0 |          382.52
    2200.0 |        670560.0 |          670.56
    1835.0 |        559308.0 |          559.31
    1515.0 |        461772.0 |          461.77
    1255.0 |        382524.0 |          382.52
    1050.0 |        320040.0 |          320.04
     977.0 |        297789.6 |          297.79
     921.0 |        280720.8 |          280.72
     874.0 |        266395.2 |          266.40
    2025.0 |        617220.0 |          617.22
    1616.0 |        492556.8 |          492.56
    1285.0 |        391668.0 |          391.67
    1068.0 |        325526.4 |          325.53
    2000.0 |        609600.0 |          609.60
    1685.0 |        513588.0 |          513.59
    1413.0 |        430682.4 |          430.68
    1197.0 |        364845.6 |          364.85
    1075.0 |        327660.0 |          327.66
     992.0 |        302361.6 |          302.36
     930.0 |        283464.0 |          283.46
     879.0 |        267919.2 |          267.92
    2225.0 |        678180.0 |          678.18
    1887.0 |        575157.6 |          575.16
    1587.0 |        483717.6 |          483.72
    1332.0 |        405993.6 |          405.99
    2150.0 |        655320.0 |          655.32
    1881.0 |        573328.8 |          573.33
    1635.0 |        498348.0 |          498.35
    1418.0 |        432206.4 |          432.21
    2150.0 |        655320.0 |          655.32
    1881.0 |        573328.8 |          573.33
    1635.0 |        498348.0 |          498.35
    1418.0 |        432206.4 |          432.21
    2140.0 |        652272.0 |          652.27
    1880.0 |        573024.0 |          573.02
    1643.0 |        500786.4 |          500.79
    1432.0 |        436473.6 |          436.47
    2140.0 |        652272.0 |          652.27
    1880.0 |        573024.0 |          573.02
    1643.0 |        500786.4 |          500.79
    1432.0 |        436473.6 |          436.47
    2300.0 |        701040.0 |          701.04
    2029.0 |        618439.2 |          618.44
    1778.0 |        541934.4 |          541.93
    1551.0 |        472744.8 |          472.74
    2300.0 |        701040.0 |          701.04
    2029.0 |        618439.2 |          618.44
    1778.0 |        541934.4 |          541.93
    1551.0 |        472744.8 |          472.74
    2150.0 |        655320.0 |          655.32
    1885.0 |        574548.0 |          574.55
    1643.0 |        500786.4 |          500.79
    1429.0 |        435559.2 |          435.56
    2150.0 |        655320.0 |          655.32
    1885.0 |        574548.0 |          574.55
    1643.0 |        500786.4 |          500.79
    1429.0 |        435559.2 |          435.56
    2120.0 |        646176.0 |          646.18
    1862.0 |        567537.6 |          567.54
    1626.0 |        495604.8 |          495.60
    1417.0 |        431901.6 |          431.90
    2120.0 |        646176.0 |          646.18
    1862.0 |        567537.6 |          567.54
    1626.0 |        495604.8 |          495.60
    1417.0 |        431901.6 |          431.90
    2815.0 |        858012.0 |          858.01
    2727.0 |        831189.6 |          831.19
    2641.0 |        804976.8 |          804.98
    2557.0 |        779373.6 |          779.37
    2474.0 |        754075.2 |          754.08
    2393.0 |        729386.4 |          729.39

================================================================================
Total values converted: 1382
